Request: 3390
Payload: phpinfo.php
Req Time: 0.001669
Resp Time: 0.004349
Status: 200
Length: 24437
Words: 5917
Lines: 1170

Request: 3530
Payload: phpmyadmin/
Req Time: 0.001548
Resp Time: 0.008719
Status: 200
Length: 3093
Words: 359
Lines: 25

Request: 3532
Payload: phpmyadmin/index.php
Req Time: 0.001637
Resp Time: 0.005552
Status: 200
Length: 3089
Words: 359
Lines: 25

Request: 3871
Payload: server-status/
Req Time: 0.001243
Resp Time: 0.001479
Status: 200
Length: 1359
Words: 284
Lines: 93

